{
  "accessors": [
    {
      "bufferView": 3,
      "componentType": 5126,
      "count": 1545,
      "max": [
        0.33454999327659607,
        0.44745001196861267,
        1.173140048980713
      ],
      "min": [
        -0.3313499987125397,
        -0.1012599989771843,
        0.002839999971911311
      ],
      "type": "VEC3"
    },
    {
      "bufferView": 3,
      "byteOffset": 18540,
      "componentType": 5126,
      "count": 1545,
      "max": [
        0.9999991059303284,
        1.0,
        1.0
      ],
      "min": [
        -1.0,
        -0.9999966025352478,
        -1.0
      ],
      "type": "VEC3"
    },
    {
      "bufferView": 2,
      "componentType": 5126,
      "count": 1545,
      "max": [
        0.5302600264549255,
        0.29394999146461487
      ],
      "min": [
        0.2255599945783615,
        0.0029299999587237835
      ],
      "type": "VEC2"
    },
    {
      "bufferView": 1,
      "componentType": 5125,
      "count": 3930,
      "type": "SCALAR"
    },
    {
      "bufferView": 5,
      "componentType": 5126,
      "count": 6,
      "max": [
        1.0,
        0.0,
        0.0,
        0.0,
        0.0,
        1.0,
        0.1305299997329712,
        0.0,
        0.0,
        1.0,
        1.0,
        0.0,
        0.07979000359773636,
        0.33118999004364014,
        1.0336400270462036,
        1.0
      ],
      "min": [
        1.0,
        0.0,
        0.0,
        0.0,
        0.0,
        -1.0,
        -1.0,
        0.0,
        0.0,
        -0.1305299997329712,
        -1.0,
        0.0,
        0.0,
        0.0,
        0.0,
        1.0
      ],
      "type": "MAT4"
    },
    {
      "bufferView": 0,
      "componentType": 5123,
      "count": 1545,
      "type": "VEC4"
    },
    {
      "bufferView": 4,
      "componentType": 5126,
      "count": 1545,
      "max": [
        1.0,
        0.0,
        0.0,
        0.0
      ],
      "min": [
        1.0,
        0.0,
        0.0,
        0.0
      ],
      "type": "VEC4"
    }
  ],
  "asset": {
    "extras": {
      "author": "Yaiyeondurising (https://sketchfab.com/5Life)",
      "license": "CC-BY-SA-4.0 (http://creativecommons.org/licenses/by-sa/4.0/)",
      "source": "https://sketchfab.com/3d-models/silent-hill-sink-240796c1b98b424381195e8b4c7f83e9",
      "title": "Silent Hill Sink"
    },
    "generator": "Sketchfab-12.68.0",
    "version": "2.0"
  },
  "bufferViews": [
    {
      "buffer": 0,
      "byteLength": 12360,
      "byteStride": 8,
      "name": "shortBufferViews",
      "target": 34962
    },
    {
      "buffer": 0,
      "byteLength": 15720,
      "byteOffset": 12360,
      "name": "floatBufferViews",
      "target": 34963
    },
    {
      "buffer": 0,
      "byteLength": 12360,
      "byteOffset": 28080,
      "byteStride": 8,
      "name": "floatBufferViews",
      "target": 34962
    },
    {
      "buffer": 0,
      "byteLength": 37080,
      "byteOffset": 40440,
      "byteStride": 12,
      "name": "floatBufferViews",
      "target": 34962
    },
    {
      "buffer": 0,
      "byteLength": 24720,
      "byteOffset": 77520,
      "byteStride": 16,
      "name": "floatBufferViews",
      "target": 34962
    },
    {
      "buffer": 0,
      "byteLength": 384,
      "byteOffset": 102240,
      "name": "floatBufferViews"
    }
  ],
  "buffers": [
    {
      "byteLength": 102624,
      "uri": "scene.bin"
    }
  ],
  "extensionsRequired": [
    "KHR_materials_pbrSpecularGlossiness"
  ],
  "extensionsUsed": [
    "KHR_materials_pbrSpecularGlossiness"
  ],
  "images": [
    {
      "uri": "textures/DIFFUSE_diffuse.png"
    }
  ],
  "materials": [
    {
      "doubleSided": true,
      "extensions": {
        "KHR_materials_pbrSpecularGlossiness": {
          "diffuseFactor": [
            1.0,
            1.0,
            1.0,
            1.0
          ],
          "diffuseTexture": {
            "index": 0
          },
          "glossinessFactor": 1.0,
          "specularFactor": [
            0.0,
            0.0,
            0.0
          ]
        }
      },
      "name": "DIFFUSE"
    }
  ],
  "meshes": [
    {
      "name": "s4studio_mesh_1",
      "primitives": [
        {
          "attributes": {
            "JOINTS_0": 5,
            "NORMAL": 1,
            "POSITION": 0,
            "TEXCOORD_0": 2,
            "WEIGHTS_0": 6
          },
          "indices": 3,
          "material": 0,
          "mode": 4
        }
      ]
    }
  ],
  "nodes": [
    {
      "children": [
        1
      ],
      "matrix": [
        0.8590938448905945,
        0.0,
        0.0,
        0.0,
        0.0,
        1.9075715338225818e-16,
        -0.8590938448905945,
        0.0,
        0.0,
        0.8590938448905945,
        1.9075715338225818e-16,
        0.0,
        0.0,
        0.0,
        0.0,
        1.0
      ],
      "name": "Sketchfab_model"
    },
    {
      "children": [
        2,
        4,
        6,
        8,
        10
      ],
      "name": "Root"
    },
    {
      "children": [
        3
      ],
      "matrix": [
        -0.29086000000000006,
        0.9551700000000001,
        -0.05519000000000001,
        0.0,
        -0.7711,
        -0.19988000000000003,
        0.6045200000000001,
        0.0,
        0.5663900000000001,
        0.21839000000000003,
        0.7946700000000001,
        0.0,
        3.0,
        0.0,
        4.0,
        1.0
      ],
      "name": "Lamp.004"
    },
    {
      "name": "Lamp.004"
    },
    {
      "children": [
        5
      ],
      "matrix": [
        -0.29086000000000006,
        0.9551700000000001,
        -0.05519000000000001,
        0.0,
        -0.7711,
        -0.19988000000000003,
        0.6045200000000001,
        0.0,
        0.5663900000000001,
        0.21839000000000003,
        0.7946700000000001,
        0.0,
        -3.0,
        0.0,
        4.0,
        1.0
      ],
      "name": "Lamp.001"
    },
    {
      "name": "Lamp.001"
    },
    {
      "children": [
        7
      ],
      "matrix": [
        -0.29086000000000006,
        0.9551700000000001,
        -0.05519000000000001,
        0.0,
        -0.7711,
        -0.19988000000000003,
        0.6045200000000001,
        0.0,
        0.5663900000000001,
        0.21839000000000003,
        0.7946700000000001,
        0.0,
        0.0,
        3.0,
        4.0,
        1.0
      ],
      "name": "Lamp.002"
    },
    {
      "name": "Lamp.002"
    },
    {
      "children": [
        9
      ],
      "matrix": [
        -0.29086000000000006,
        0.9551700000000001,
        -0.05519000000000001,
        0.0,
        -0.7711,
        -0.19988000000000003,
        0.6045200000000001,
        0.0,
        0.5663900000000001,
        0.21839000000000003,
        0.7946700000000001,
        0.0,
        0.0,
        -3.0,
        4.0,
        1.0
      ],
      "name": "Lamp.003"
    },
    {
      "name": "Lamp.003"
    },
    {
      "children": [
        11,
        18,
        17
      ],
      "name": "rig"
    },
    {
      "children": [
        12
      ],
      "name": "rig_rootJoint"
    },
    {
      "children": [
        13
      ],
      "name": "b__ROOT___rig",
      "rotation": [
        0.7071068286895752,
        0.0,
        0.0,
        0.7071068286895752
      ],
      "scale": [
        1.0,
        1.0,
        1.0
      ],
      "translation": [
        0.0,
        0.0,
        -0.0010000000474974513
      ]
    },
    {
      "children": [
        14,
        16
      ],
      "name": "transformBone_rig",
      "rotation": [
        0.0,
        0.0,
        0.0,
        1.0
      ],
      "scale": [
        1.0,
        1.0,
        1.0
      ],
      "translation": [
        0.0,
        0.0,
        0.0
      ]
    },
    {
      "children": [
        15
      ],
      "name": "_FX_water_rig",
      "rotation": [
        0.7518413662910461,
        0.0,
        0.0,
        0.6593441963195801
      ],
      "scale": [
        1.0,
        0.9999956488609314,
        0.9999956488609314
      ],
      "translation": [
        0.0,
        1.0690300464630127,
        -0.19343000650405884
      ]
    },
    {
      "name": "_FX_water_attract_rig",
      "rotation": [
        0.0,
        0.0,
        0.0,
        1.0
      ],
      "scale": [
        1.0,
        1.0,
        1.0
      ],
      "translation": [
        0.0,
        0.06232000142335892,
        0.20232999324798584
      ]
    },
    {
      "name": "_FX_repair_rig",
      "rotation": [
        0.7071068286895752,
        0.0,
        0.0,
        0.7071068286895752
      ],
      "scale": [
        1.0,
        1.0,
        1.0
      ],
      "translation": [
        -0.07979000359773636,
        1.0111600160598755,
        -0.31894999742507935
      ]
    },
    {
      "name": "s4studio_mesh_1"
    },
    {
      "mesh": 0,
      "name": "s4studio_mesh_1_0",
      "skin": 0
    }
  ],
  "samplers": [
    {
      "magFilter": 9729,
      "minFilter": 9987,
      "wrapS": 10497,
      "wrapT": 10497
    }
  ],
  "scene": 0,
  "scenes": [
    {
      "name": "Sketchfab_Scene",
      "nodes": [
        0
      ]
    }
  ],
  "skins": [
    {
      "inverseBindMatrices": 4,
      "joints": [
        11,
        12,
        13,
        14,
        15,
        16
      ],
      "skeleton": 11
    }
  ],
  "textures": [
    {
      "sampler": 0,
      "source": 0
    }
  ]
}
